# YOLOv5 Hyperparameter Evolution Results
# Best generation: 165
# Last generation: 179
#    metrics/precision,       metrics/recall,      metrics/mAP_0.5, metrics/mAP_0.5:0.95,         val/box_loss,         val/obj_loss,         val/cls_loss
#               0.9671,              0.96018,              0.96824,              0.54725,             0.020193,             0.019721,           0.00059782

lr0: 0.00729
lrf: 0.0723
momentum: 0.98
weight_decay: 0.00018
warmup_epochs: 1.5418
warmup_momentum: 0.7017
warmup_bias_lr: 0.07963
box: 0.06958
cls: 0.52148
cls_pw: 0.91536
obj: 0.83015
obj_pw: 0.75091
iou_t: 0.2
anchor_t: 4.6198
fl_gamma: 0.0
hsv_h: 0.01482
hsv_s: 0.6987
hsv_v: 0.37341
degrees: 0.0
translate: 0.17238
scale: 0.5679
shear: 0.0
perspective: 0.0
flipud: 0.0
fliplr: 0.5
mosaic: 0.92361
mixup: 0.0
copy_paste: 0.0
anchors: 2.99775
